100 150
89 20
3 1
7 1
38 20
12 7
2 1
3 2
7 2
67 14
16 15
31 29
84 16
77 2
18 2
70 23
32 5
81 5
5 3
24 5
75 5
48 23
41 38
55 38
65 55
35 16
26 3
14 13
23 13
24 13
36 13
45 3
13 6
6 1
23 6
39 18
57 39
27 16
27 3
82 74
69 16
85 29
97 26
86 47
19 13
20 19
39 19
40 19
30 20
30 3
37 20
17 15
57 17
60 17
20 17
8 1
37 8
8 6
34 7
45 34
47 34
34 8
22 5
48 22
22 18
29 22
91 62
92 62
72 68
90 68
4 1
6 4
18 4
29 4
4 3
17 4
55 4
10 1
12 10
36 10
10 4
63 42
68 63
9 7
15 9
35 9
62 9
9 1
13 9
40 33
47 33
28 2
33 28
42 28
28 12
44 31
76 44
94 44
99 44
53 15
61 16
87 61
93 61
56 32
56 23
11 3
38 11
46 11
66 11
11 10
15 11
52 20
64 52
52 35
53 52
21 9
79 21
80 21
21 17
41 21
50 3
95 50
50 46
1 0
5 0
16 0
31 0
2 0
32 0
42 0
46 0
96 13
73 27
58 1
74 58
43 8
43 10
44 43
88 30
49 5
49 19
98 88
51 6
71 51
83 68
54 53
54 4
25 8
59 25
78 25
26 25
