80 120
59 20
20 14
7 3
42 38
46 20
36 15
62 36
2 1
3 2
67 38
16 1
29 7
18 16
24 20
57 24
23 20
38 23
5 3
14 5
5 2
15 5
31 5
35 24
26 24
31 26
23 13
42 13
70 13
13 2
45 29
66 45
6 2
65 39
39 14
27 23
29 27
69 41
60 32
19 12
27 19
47 19
19 5
40 19
35 30
39 30
48 30
37 29
17 13
17 12
30 17
13 8
8 3
34 19
41 34
72 34
75 34
22 13
77 22
22 20
64 15
68 67
4 2
18 4
20 4
4 1
7 4
16 4
10 5
15 10
63 5
9 4
32 9
55 9
9 7
10 9
12 9
38 33
40 33
74 33
34 33
78 48
37 28
28 27
32 28
44 10
44 16
53 24
61 37
56 36
79 42
11 8
52 46
21 10
30 21
76 21
21 4
36 21
41 21
50 27
1 0
6 0
8 0
12 0
28 0
2 0
3 0
24 0
33 0
45 0
73 23
58 33
43 27
43 30
49 22
71 56
51 34
54 27
25 6
33 25
25 9
