60 90
38 6
2 1
31 21
21 2
54 52
12 6
12 10
23 10
36 10
6 5
14 12
24 14
11 1
11 10
42 23
3 2
5 3
6 3
8 3
10 3
58 21
47 30
1 0
3 0
31 0
27 12
19 12
26 19
45 19
49 19
57 19
19 2
13 3
30 13
13 10
51 47
35 0
35 30
53 36
17 14
18 17
26 17
4 2
24 4
4 0
5 4
8 4
14 4
41 35
56 41
32 2
32 3
46 19
22 6
43 14
9 2
9 8
50 31
52 50
20 10
20 18
39 23
48 36
40 6
29 9
29 10
59 31
34 5
34 26
28 22
28 10
7 5
17 7
21 7
55 7
7 1
25 14
25 21
30 25
33 30
37 33
44 33
33 17
16 4
18 16
16 14
23 16
15 0
15 10
22 15
