80 120
59 32
14 7
7 1
40 15
36 20
2 1
7 2
3 2
62 57
57 31
67 31
42 29
77 7
20 18
24 7
5 2
12 5
14 5
23 5
41 24
65 57
35 32
29 26
31 26
70 26
26 12
41 26
45 3
6 1
38 6
47 6
48 6
6 2
39 6
27 23
38 27
60 41
19 2
30 12
31 30
37 7
37 19
17 1
32 17
75 17
17 6
18 17
20 17
36 17
45 17
8 1
13 8
72 8
8 7
42 8
34 17
34 15
22 8
64 31
76 26
4 2
26 4
74 4
4 3
12 4
10 8
18 10
22 10
23 10
24 10
63 48
9 8
68 9
9 3
13 9
15 9
40 33
33 10
78 24
28 22
46 28
66 28
28 9
32 28
44 4
44 30
53 7
61 28
56 22
79 33
15 11
16 11
11 8
39 11
52 5
21 9
27 21
21 13
29 21
50 28
1 0
3 0
11 0
19 0
16 0
30 0
73 40
58 46
43 13
43 9
49 12
55 49
71 18
51 32
54 33
25 2
33 25
69 25
25 14
35 25
