60 90
2 1
6 1
31 2
31 6
18 1
26 21
5 1
26 14
14 5
21 11
11 8
38 8
42 11
6 3
3 1
10 3
30 24
55 30
30 6
1 0
3 0
14 0
5 0
12 0
23 0
27 3
36 19
18 13
13 12
51 6
57 51
35 3
56 35
35 19
53 11
58 53
17 14
4 1
13 4
4 3
11 4
17 4
41 5
49 41
32 17
32 0
46 2
43 1
9 8
24 9
9 2
50 35
37 13
45 37
20 13
20 18
39 37
48 13
40 11
44 0
54 44
29 6
47 29
29 2
59 56
34 28
28 14
7 2
8 7
10 7
12 7
21 7
22 7
23 7
28 7
7 6
27 7
25 18
25 20
33 0
33 14
34 33
16 6
52 16
16 4
22 16
24 16
15 0
19 15
15 12
