100 150
59 20
62 14
47 42
3 1
15 14
14 12
20 12
2 1
32 2
67 46
16 15
42 16
38 31
70 31
31 16
29 20
82 3
77 62
18 7
24 14
40 24
31 23
5 2
75 38
72 18
48 38
41 15
84 41
41 38
94 82
65 36
35 16
46 35
26 7
13 5
14 13
40 13
45 35
48 45
7 6
6 5
39 38
39 26
27 2
69 32
85 13
99 85
86 72
87 46
19 13
89 19
42 19
93 30
17 12
24 17
36 17
35 17
12 8
38 8
34 15
81 34
95 34
32 22
22 19
29 22
47 22
91 20
64 34
97 92
90 60
92 90
4 1
5 4
6 4
8 4
20 4
27 4
10 3
15 10
22 10
13 10
16 10
63 7
9 2
23 9
19 9
37 9
33 32
46 33
28 8
30 28
80 28
28 10
45 28
44 23
44 20
53 33
53 7
56 12
79 40
11 8
18 11
11 2
30 11
52 1
57 52
52 15
21 6
21 10
34 21
50 8
68 50
50 14
1 0
2 0
66 0
7 0
8 0
9 0
10 0
12 0
17 0
23 0
33 0
36 0
96 5
73 50
58 24
61 58
43 23
55 43
43 5
88 64
49 17
76 49
49 0
98 47
71 34
51 1
60 51
51 21
83 62
54 48
78 54
54 28
25 2
37 25
74 25
25 13
26 25
