60 90
6 2
2 1
23 1
36 2
52 18
55 18
31 18
12 6
12 2
18 12
24 12
10 6
18 10
10 1
57 38
5 2
26 5
14 10
31 14
14 2
23 11
47 11
11 2
26 11
8 6
38 8
8 1
42 6
3 2
11 3
58 54
30 10
1 0
6 0
21 0
27 21
54 27
56 27
27 24
19 18
21 19
19 3
13 10
24 13
13 6
51 5
17 10
30 17
4 3
4 1
41 14
32 31
46 1
22 13
45 22
22 1
43 21
49 43
9 6
9 0
50 30
20 5
20 11
48 8
40 20
53 40
44 10
29 17
29 13
59 48
34 31
34 3
28 26
35 28
39 28
28 27
7 2
32 7
7 1
17 7
35 7
25 3
37 25
25 2
33 12
33 2
16 5
15 12
15 3
16 15
