80 120
14 3
42 3
59 15
70 46
42 12
36 3
2 1
3 2
12 2
20 2
67 20
16 15
38 16
29 20
18 14
24 7
23 18
31 23
23 1
5 2
7 5
36 5
5 3
66 18
55 24
46 26
26 13
48 45
6 5
13 6
24 6
6 2
15 6
39 36
39 13
27 7
38 27
75 60
19 3
30 18
57 30
32 30
40 30
69 37
37 15
32 17
29 17
8 2
65 8
34 18
34 1
22 14
35 22
77 22
22 5
64 30
76 34
68 45
4 1
15 4
4 2
7 4
13 4
10 2
26 10
40 10
10 7
30 10
41 10
45 10
63 23
9 4
17 9
20 9
27 9
9 7
37 33
41 33
60 33
33 16
78 47
28 1
28 16
44 34
61 10
56 13
79 3
11 9
14 11
11 6
17 11
31 11
52 39
74 52
21 8
21 11
35 21
50 32
1 0
47 0
2 0
3 0
16 0
19 0
73 62
58 46
43 9
45 43
62 43
43 27
49 12
71 7
72 71
51 21
53 51
54 48
25 13
33 25
25 6
44 25
