120 180
59 47
3 1
7 3
38 20
15 7
40 12
20 12
38 36
2 1
3 2
15 2
67 12
16 7
16 14
57 20
57 1
31 1
84 14
77 12
29 24
32 23
7 5
82 5
66 40
72 48
109 41
47 41
55 47
94 15
65 57
35 2
46 35
42 26
40 26
14 13
46 13
70 13
75 13
45 35
45 18
6 1
32 6
14 6
39 6
27 18
27 13
29 27
60 12
19 18
74 19
24 19
26 19
66 30
69 30
97 30
30 12
107 26
93 1
37 32
60 37
37 14
26 17
80 17
17 6
31 17
8 2
20 8
8 1
23 8
34 3
41 34
55 34
34 30
42 34
22 3
22 6
91 74
64 18
64 22
92 84
114 8
68 24
68 12
4 3
13 4
99 4
4 1
36 4
10 6
12 10
67 10
100 14
63 1
76 63
63 46
9 7
23 9
35 9
36 9
9 8
33 19
39 33
90 33
106 33
33 29
48 33
62 33
78 46
118 78
111 27
117 111
103 78
104 103
102 41
28 2
28 22
41 28
44 2
44 14
53 44
61 36
62 61
87 61
61 33
112 99
101 6
56 16
81 56
56 20
59 56
11 1
12 11
18 11
48 11
108 11
52 17
21 13
24 21
30 21
86 21
105 21
115 21
21 7
65 21
95 50
50 10
1 0
5 0
10 0
17 0
47 0
52 0
18 0
19 0
96 24
119 84
73 53
110 73
58 13
58 5
43 23
50 43
89 43
43 41
88 36
49 20
49 36
113 92
98 10
71 21
51 42
79 51
51 0
83 27
54 15
116 54
54 48
25 15
85 25
25 14
