100 150
3 1
47 1
14 7
47 7
32 7
70 40
40 20
59 38
38 14
15 3
20 15
42 15
46 1
7 2
20 2
3 2
57 40
67 31
38 29
95 77
24 3
23 3
29 5
7 5
31 5
75 1
82 75
66 47
48 23
41 31
55 20
55 47
65 18
72 65
77 65
26 2
18 13
89 13
15 13
26 13
45 29
81 45
6 5
12 6
16 6
99 72
39 14
39 20
27 23
69 55
60 6
85 59
97 18
86 48
19 5
23 19
40 19
30 24
32 30
41 30
30 12
93 39
37 3
17 6
8 3
13 8
62 8
8 7
35 8
34 20
22 1
24 22
31 22
34 22
22 15
91 65
64 48
92 17
90 77
68 48
4 2
12 10
10 8
13 10
18 10
19 10
63 2
87 63
9 6
10 9
35 9
9 1
33 7
33 1
78 37
28 26
36 28
57 28
44 18
44 22
53 40
53 8
61 40
56 44
79 59
17 11
11 3
37 11
52 13
52 6
21 1
27 21
42 21
74 21
21 19
50 3
1 0
2 0
4 0
5 0
11 0
16 0
36 0
29 0
48 0
96 21
73 30
58 57
80 58
84 58
43 22
94 43
43 38
45 43
88 50
49 48
76 49
49 22
98 92
71 50
51 4
51 1
83 74
54 16
56 54
54 7
25 10
46 25
25 22
28 25
