60 90
38 2
2 1
31 23
21 6
21 2
24 1
18 6
12 10
10 2
47 36
55 47
6 5
14 6
49 11
11 2
8 2
10 8
23 8
45 26
57 42
3 2
5 3
11 3
18 3
36 3
6 3
30 8
1 0
2 0
14 0
31 0
52 27
19 14
19 3
13 10
13 5
51 12
35 14
35 8
53 21
17 0
27 17
4 2
27 4
4 1
26 4
32 19
46 38
22 12
26 22
22 11
32 22
43 5
9 0
9 6
50 38
37 1
42 37
58 37
20 4
56 20
20 18
48 35
40 6
54 40
44 21
29 24
29 19
34 23
39 34
34 19
28 19
28 0
7 5
17 7
23 7
41 7
7 2
12 7
25 6
25 14
33 19
33 2
16 4
59 16
16 2
24 16
15 13
15 4
30 15
