60 90
6 2
2 1
6 1
31 23
55 21
52 31
24 6
21 18
54 12
10 6
10 1
12 10
47 2
5 2
12 5
56 12
18 14
14 12
11 10
14 11
11 6
21 8
23 8
36 8
8 6
3 2
8 3
58 26
30 5
1 0
31 27
27 24
19 5
13 2
27 13
13 6
35 30
53 11
17 3
23 17
30 17
4 3
4 1
18 4
41 6
32 19
49 32
32 23
46 31
22 21
26 22
22 2
43 8
9 4
17 9
19 9
9 0
50 17
20 0
20 11
26 20
39 3
51 39
44 27
29 4
45 29
48 29
29 20
59 8
57 34
34 11
28 26
28 4
35 28
7 3
7 6
25 12
37 25
25 13
33 17
40 33
42 33
33 14
16 2
24 16
34 16
16 12
15 1
38 15
15 6
