80 120
3 1
7 1
42 40
38 32
20 15
40 15
46 38
2 1
14 2
15 2
31 1
29 16
29 14
24 2
36 24
24 7
23 1
31 23
5 1
70 5
77 72
41 40
35 23
62 35
26 2
14 13
65 13
13 12
23 13
45 36
45 23
6 5
42 6
39 2
27 14
38 27
27 12
40 27
41 27
74 16
69 59
57 19
59 19
37 1
17 5
55 17
30 17
36 17
30 8
8 5
34 24
34 16
72 22
22 7
67 64
76 16
4 3
12 4
18 4
19 4
10 3
16 10
48 10
75 10
10 1
9 3
37 9
66 9
12 9
17 9
19 9
33 3
39 33
33 17
78 5
28 26
47 28
32 28
44 38
44 32
61 47
56 22
79 36
11 3
52 4
21 11
63 21
21 13
50 32
1 0
2 0
3 0
8 0
13 0
15 0
22 0
4 0
6 0
7 0
11 0
16 0
18 0
20 0
28 0
73 44
68 58
43 18
60 43
64 43
43 35
49 13
51 40
53 51
58 51
54 45
25 16
32 25
71 25
25 5
26 25
