120 180
80 62
42 20
3 1
40 20
47 40
116 80
46 1
36 3
7 2
16 3
70 16
16 12
57 47
62 31
31 16
95 84
104 77
108 18
118 18
18 15
23 7
67 23
5 2
32 5
38 5
105 89
109 105
115 105
48 20
89 48
48 36
65 42
65 38
75 35
35 32
59 35
26 16
84 26
36 26
18 13
59 45
6 5
14 6
15 6
39 20
117 39
39 24
27 26
27 18
74 15
69 16
60 26
60 31
86 31
19 13
38 19
30 6
107 65
93 20
37 12
37 29
17 1
35 17
67 17
106 17
17 15
8 2
20 8
31 8
81 8
34 23
30 22
22 16
47 22
91 1
64 36
85 64
64 2
92 48
76 31
114 19
68 26
97 68
68 23
4 2
22 4
24 4
4 1
5 4
6 4
45 4
10 5
10 2
12 10
14 10
20 10
100 7
63 13
63 14
13 9
15 9
55 9
9 6
24 9
32 9
62 9
33 13
33 9
78 68
103 4
45 28
44 26
53 17
72 53
53 4
61 55
66 61
61 29
112 107
101 31
79 1
23 11
11 3
40 11
52 33
94 52
99 52
52 47
21 5
29 21
41 21
21 11
50 32
50 30
1 0
2 0
3 0
9 0
11 0
12 0
28 0
44 0
82 0
8 0
19 0
29 0
55 0
66 0
96 53
119 20
73 52
87 73
110 73
111 73
58 31
58 33
43 15
46 43
43 19
88 56
49 40
49 26
113 105
98 32
102 98
71 65
51 44
56 51
51 33
83 26
54 9
54 4
56 54
25 3
77 25
90 25
25 2
26 25
41 25
42 25
