100 150
20 1
7 1
40 20
15 1
15 14
12 7
36 14
2 1
7 2
16 1
42 16
16 12
59 31
31 12
95 2
18 12
18 15
62 24
24 18
23 15
24 23
5 3
20 5
40 5
66 62
82 66
48 23
41 16
94 59
65 59
70 35
26 3
26 7
47 26
13 5
38 13
55 13
13 3
23 13
45 38
6 3
32 6
99 84
39 2
27 6
35 27
69 66
81 69
60 7
85 74
97 48
87 59
19 18
35 19
48 19
30 24
32 30
47 30
30 18
93 24
37 14
37 18
36 17
8 7
14 8
8 2
34 15
22 17
22 18
29 22
92 59
68 19
41 4
64 4
4 1
5 4
10 3
17 10
80 10
84 10
90 10
19 10
63 23
9 6
29 9
31 9
46 9
75 9
9 8
38 9
33 20
33 32
46 33
78 68
28 9
72 28
74 28
28 20
39 28
44 40
44 18
53 28
91 53
53 44
61 37
56 32
57 56
11 6
12 11
45 11
11 2
17 11
52 3
77 52
52 44
21 20
21 3
50 41
79 50
1 0
3 0
4 0
67 0
2 0
10 0
14 0
27 0
34 0
55 0
96 56
73 39
58 36
43 28
86 43
89 43
43 19
88 63
49 35
49 21
98 3
71 63
51 31
76 51
51 17
83 62
54 20
54 33
25 6
25 2
42 25
