100 150
20 14
3 1
7 1
42 7
40 20
47 15
46 20
12 3
2 1
20 16
57 47
36 31
82 62
77 3
38 18
18 15
46 24
24 23
7 5
75 59
48 46
72 41
57 55
47 35
95 35
35 20
36 35
26 1
32 26
13 3
81 13
45 36
15 6
6 2
99 81
39 16
59 39
70 39
39 18
27 16
69 36
85 23
97 47
86 40
87 40
19 7
19 3
30 20
93 62
37 3
84 37
37 5
38 37
55 37
17 12
24 17
17 13
23 17
8 5
14 8
29 8
45 8
34 23
67 34
34 29
22 14
55 22
62 22
89 22
27 22
64 14
68 20
4 1
18 4
35 4
41 4
80 4
4 3
5 4
22 4
10 8
12 10
16 10
66 10
10 5
40 10
9 7
9 3
33 3
63 33
33 29
78 20
28 15
31 28
42 28
60 28
74 28
94 28
28 18
44 12
65 44
53 38
90 53
56 31
56 33
79 2
23 11
32 11
11 7
44 11
52 34
52 40
21 15
26 21
21 11
31 21
41 21
50 35
50 47
1 0
2 0
5 0
6 0
11 0
48 0
61 0
3 0
14 0
15 0
16 0
96 70
73 14
58 15
43 1
43 3
88 61
91 88
49 47
49 44
98 56
76 71
51 29
71 51
51 38
83 14
92 83
54 16
54 1
25 17
30 25
