120 180
62 59
14 3
20 3
3 1
115 62
7 1
47 40
118 40
40 20
80 38
38 20
15 14
32 15
42 36
2 1
3 2
104 16
89 57
29 12
18 2
42 24
23 3
46 23
23 2
24 23
7 5
16 5
66 14
72 46
48 12
48 2
59 48
41 23
82 55
94 67
65 62
75 35
108 35
26 2
109 26
26 14
106 104
117 62
13 2
24 13
105 13
18 13
45 14
6 2
6 5
31 6
99 18
39 3
27 3
74 24
60 39
70 60
86 3
19 13
32 19
30 12
31 30
35 30
36 30
46 30
37 26
38 37
40 37
65 37
17 5
36 17
8 7
8 5
13 8
34 3
95 34
59 22
67 22
34 22
91 24
64 27
64 35
92 17
90 62
76 16
114 15
68 41
4 1
16 4
29 4
4 2
5 4
10 4
35 10
41 10
55 10
97 10
15 10
27 10
100 12
63 12
63 13
9 6
12 9
20 9
22 9
77 9
9 3
37 9
33 32
45 33
47 33
78 72
103 91
102 38
28 9
28 17
44 7
93 44
44 31
53 7
57 53
53 19
60 53
61 40
61 3
116 112
101 93
56 45
85 56
56 30
57 56
110 15
79 22
111 79
11 5
11 2
12 11
39 11
52 17
21 14
21 10
50 24
50 20
1 0
5 0
2 0
10 0
22 0
30 0
96 28
119 48
73 52
112 73
58 31
43 29
43 18
88 26
49 12
58 49
49 15
55 49
113 103
98 49
71 5
87 71
51 24
84 51
51 13
83 37
54 26
107 54
54 27
25 17
33 25
62 25
69 25
81 25
25 10
52 25
