120 180
62 3
3 1
7 1
42 38
116 80
46 1
47 46
70 12
36 20
118 36
2 1
14 2
15 2
20 2
3 2
16 7
16 14
31 2
59 31
29 2
84 46
82 80
77 59
32 18
23 1
5 3
7 5
29 5
5 1
32 5
105 59
48 1
41 7
67 41
66 55
26 3
72 26
117 42
13 2
18 13
40 13
108 13
45 20
59 45
75 45
45 18
35 6
6 3
39 14
27 3
74 38
69 42
94 69
106 60
66 60
85 35
97 67
86 7
24 19
31 19
38 19
23 19
46 30
57 30
67 30
107 45
37 18
95 37
55 37
17 13
30 17
42 17
38 17
8 5
12 8
13 8
19 8
39 8
34 32
62 34
34 26
22 20
22 16
40 22
91 34
64 1
92 86
104 92
90 59
76 38
114 81
4 2
8 4
30 4
10 1
10 3
15 10
36 10
48 10
63 6
109 63
63 31
9 3
9 7
18 9
47 9
33 10
93 33
33 26
35 33
60 33
78 34
111 76
103 30
102 55
28 5
44 23
44 34
53 17
53 47
61 37
61 28
101 48
115 101
56 24
112 56
110 103
79 27
11 8
28 11
80 11
11 2
17 11
24 11
60 52
52 6
21 16
81 21
21 7
41 21
56 21
50 29
100 50
50 40
64 50
1 0
6 0
19 0
68 0
14 0
96 62
119 96
73 1
99 73
58 48
89 58
58 11
43 38
52 43
43 37
88 87
49 39
57 49
49 42
113 103
98 35
71 43
51 40
65 51
51 42
83 45
55 54
54 51
25 2
27 25
54 25
87 25
25 15
26 25
65 25
