80 120
32 3
3 1
7 3
59 40
38 15
20 15
42 15
15 12
40 12
36 14
40 36
14 2
3 2
12 2
16 14
16 3
29 16
67 29
18 15
38 18
24 2
23 18
24 23
5 3
57 5
66 18
41 1
55 1
65 55
36 35
29 26
13 5
13 7
45 20
45 23
27 3
27 16
35 27
74 1
19 15
26 19
19 6
32 19
42 30
69 30
30 5
37 15
41 37
37 24
17 3
20 17
8 3
23 8
72 34
34 24
22 8
22 19
64 40
76 37
68 19
70 68
4 1
6 4
30 4
4 3
5 4
17 4
39 4
10 4
46 10
14 10
63 41
9 5
9 4
15 9
33 14
78 42
28 16
39 28
28 17
44 40
61 41
79 56
11 8
11 9
52 39
21 6
31 21
35 21
56 21
21 3
33 21
50 14
60 50
1 0
2 0
7 0
12 0
18 0
44 0
8 0
73 46
75 73
58 6
43 29
47 43
53 43
77 43
43 23
49 26
71 21
51 39
54 49
62 54
25 12
34 25
48 25
25 8
26 25
31 25
