120 180
59 32
62 14
14 1
80 1
47 7
14 12
42 12
36 20
7 2
3 2
16 14
67 31
57 31
29 3
67 29
24 2
38 24
24 18
23 16
40 23
59 23
23 1
15 5
46 5
5 2
7 5
16 5
105 72
48 16
41 12
66 41
55 31
65 62
65 48
35 31
108 35
116 35
36 35
26 18
62 26
26 1
13 3
32 13
13 1
31 13
6 3
6 1
29 6
99 15
39 6
27 20
47 27
66 27
81 74
104 74
69 20
60 6
60 3
85 23
97 94
86 1
19 7
27 19
35 19
31 30
94 30
30 5
107 85
93 16
95 93
46 37
17 13
45 17
8 3
32 8
34 14
37 34
45 34
34 7
38 34
22 14
77 64
64 22
68 55
4 1
5 4
55 4
75 4
4 2
15 4
22 4
10 3
19 10
100 87
114 100
63 3
9 7
12 9
18 9
33 31
40 33
78 12
111 78
103 26
102 8
115 28
118 28
28 15
44 39
44 36
48 44
53 20
61 42
89 61
61 15
112 32
101 64
56 2
56 35
79 45
82 79
106 79
11 1
18 11
20 11
28 11
33 11
12 11
52 20
53 52
74 52
52 5
21 18
50 18
68 50
50 4
1 0
2 0
3 0
10 0
30 0
90 0
8 0
20 0
37 0
96 76
119 76
73 70
84 73
58 41
72 58
58 19
43 18
64 43
43 3
88 12
76 49
49 22
113 34
98 72
71 64
109 71
51 45
57 51
91 51
92 51
110 51
117 51
51 26
83 20
87 83
54 4
54 23
25 18
42 25
49 25
70 25
25 4
39 25
63 25
